0   2   100 100 100 100 100 3   100 100 100 100
2   0   4   100 100 100 100 100 100 100 100 100
100 4   0   2   100 100 100 100 100 100 100 100
100 100 2   0   2   100 100 100 100 100 100 100
100 100 100 2   0   10  100 100 100 100 100 100
100 100 100 100 10  0   2   100 3   100 100 100
100 100 100 100 100 2   0   6   100 2   100 100
3   100 100 100 100 100 6   0   100 100 100 100
100 100 100 100 100 3   100 100 0   1   100 100
100 100 100 100 100 100 2   100 1   0   2   100
100 100 100 100 100 100 100 100 100 2   0   100
100 100 100 100 100 100 100 100 100 100 100 0
